+0.0235687468913546 +0.0352622233319059 +0.0391341741374676 +0.0421360137823483 
+0.0454153630038832 +0.0494616900659796 +0.0546121930401205 +0.0617600646980329 
+0.0729014482579272 +0.0805043640132396 +0.0837711529545923 +0.0870141991451548 
+0.0895062223274569 +0.0927812282649197 +0.0960622050352936 +0.1035613039317162 
+0.1148950105390261 +0.1311808841206365 +0.1503072178429846 +0.1659035267481450 
+0.1782461822042813 +0.1910056171909750 +0.2038018723653651 +0.2090170451608427 
+0.2132279349486371 +0.2179461134339495 +0.2227861658244012 +0.2277013494759628 
+0.2438686465225655 +0.2617475114669736 +0.2808899043401717 +0.2980962596269975 
+0.3123257494542698 +0.3185307141115228 +0.3229913896106243 +0.3266402911043861 
+0.3300489761601524 +0.3331113506234600 +0.3427751403914886 +0.3552987224077183 
+0.3653513747632039 +0.3749020561705170 +0.3843380195729795 +0.3904094586858213 
+0.3964574391538756 +0.4027624494087236 +0.4106102942534295 +0.4208971448848146 
+0.4325650876558191 +0.4468471100283796 +0.4589173681858670 +0.4709698658683963 
+0.4843275478743185 +0.4981961117596609 +0.5115437629612182 +0.5239851777425157 
+0.5370389220565217 +0.5530883605279248 +0.5720365331949939 +0.5942915639906782 
+0.6164509923976220 +0.6317645254971861 +0.6437505006094363 +0.6595596226230990 
+0.6697751673670341 +0.6761709858937027 +0.6814360524226198 +0.6880050173492225 
+0.6958595715063660 +0.7012295711801827 +0.7071635503822662 +0.7133064929731504 
+0.7251787788456445 +0.7412626381003432 +0.7622632367147174 +0.7898208506222604 
+0.8149014819246836 +0.8321047203198808 +0.8439339518801241 +0.8529966414038076 
+0.8613287546063855 +0.8697141810504000 +0.8779344312454126 +0.8856907631746502 
+0.8922000661171984 +0.8965289077205987 +0.9006712667633454 +0.9043946991270174 
+0.9078930183446432 +0.9192257369126468 +0.9314675005886939 +0.9460399853174316 
+0.9611894079185589 +0.9673862104686574 +0.9673862104686674 +0.9706771685907840 
+0.0000433656917890 +0.0000619722773928 +0.0000639789981410 +0.0000658856553390 
+0.0000673497416748 +0.0000682544201595 +0.0000690279132550 +0.0000706876423053 
+0.0000733390872893 +0.0000755458727720 +0.0000779343843784 +0.0000803887039461 
+0.0000825471509394 +0.0000849505407293 +0.0000876114516658 +0.0000903775441204 
+0.0000943877498785 +0.0000985876762096 +0.0001025976006101 +0.0001058306052825 
+0.0001090632635568 +0.0001122724783561 +0.0001153828830321 +0.0001190867359849 
+0.0001228270666151 +0.0001264930546654 +0.0001290378062073 +0.0001306962488273 
+0.0001322921683777 +0.0001338338925879 +0.0001353202068807 +0.0001367971154324 
+0.0001388322375971 +0.0001410995055709 +0.0001426819662709 +0.0001441395736346 
+0.0001456581905476 +0.0001473193486496 +0.0001489936195257 +0.0001509310645177 
+0.0001527462212718 +0.0001543302492889 +0.0001558802337876 +0.0001578238523080 
+0.0001596363065169 +0.0001612366505989 +0.0001631818356421 +0.0001650446185575 
+0.0001701751210635 +0.0001791525231941 +0.0001822332599894 +0.0001849973081197 
+0.0001913635858116 +0.0001969362092509 +0.0002032174075383 +0.0002102626340533 
+0.0002161793084811 +0.0002207124333098 +0.0002259962197143 +0.0002324017570126 
+0.0002371162567667 +0.0002431226639484 +0.0002503105284969 +0.0002620989543038 
+0.0002925735435743 +0.0003114832785613 +0.0003227896537016 +0.0003360650672632 
+0.0003489279916649 +0.0003665623265273 +0.0003821462187550 +0.0003955659658580 
+0.0004019931789770 +0.0004078528121617 +0.0004132720238145 +0.0004179275308492 
+0.0004222447491515 +0.0004277191550343 +0.0004498355982802 +0.0004804750631428 
+0.0005158439245165 +0.0005422620749073 +0.0005697096846128 +0.0005849794331903 
+0.0005961280811390 +0.0006074125621163 +0.0006187455086066 +0.0006300991216566 
+0.0006414634586710 +0.0006616687693838 +0.0006882036524990 +0.0007086062763311 
+0.0007495944123820 +0.0008358314572939 +0.0008358314573039 +0.0011781058423610 
+0.0001218549919569 +0.0001830821108325 +0.0002062568915627 +0.0002185279491348 
+0.0002240096730666 +0.0002267317828297 +0.0002280171134750 +0.0002288363509570 
+0.0002297984022480 +0.0002308967064312 +0.0002321070945778 +0.0002330545632927 
+0.0002337706278213 +0.0002346191034815 +0.0002355649438196 +0.0002361764440723 
+0.0002367069988701 +0.0002372875451977 +0.0002380278389999 +0.0002390455697126 
+0.0002403444197109 +0.0002421969623720 +0.0002450024255571 +0.0002482653527299 
+0.0002515710638679 +0.0002540536500993 +0.0002564911903282 +0.0002589212168747 
+0.0002614487482689 +0.0002652157837385 +0.0002688304126905 +0.0002717029719690 
+0.0002735897447526 +0.0002759189052893 +0.0002782027325304 +0.0002799838226734 
+0.0002820682920195 +0.0002847308763652 +0.0002886711835665 +0.0002940407055782 
+0.0003000187830432 +0.0003068016411336 +0.0003121587671098 +0.0003167633240343 
+0.0003207625850053 +0.0003248639733332 +0.0003301077005907 +0.0003351472449934 
+0.0003423650670630 +0.0003502758333418 +0.0003600618447864 +0.0003700830410723 
+0.0003784702281005 +0.0003884622311584 +0.0004003426142138 +0.0004214344654825 
+0.0004424660137306 +0.0004606678115500 +0.0004760968720247 +0.0004852726058292 
+0.0004914492741139 +0.0004969702913545 +0.0005025977668343 +0.0005120020347889 
+0.0005283538252457 +0.0005355927435627 +0.0005441509036652 +0.0005589016722293 
+0.0005810403123809 +0.0006210004652361 +0.0006452169020896 +0.0006615394811304 
+0.0006784160235351 +0.0006959921527429 +0.0007067778185737 +0.0007162785249029 
+0.0007273018928179 +0.0007351840845953 +0.0007391556437195 +0.0007428959845085 
+0.0007457312075293 +0.0007485664305502 +0.0007528600238647 +0.0007610103220591 
+0.0007691606202534 +0.0007793921043419 +0.0007933616583871 +0.0008092767756764 
+0.0008335468818247 +0.0008581731599093 +0.0008868498889639 +0.0009292773823707 
+0.0009640713226595 +0.0010735540935172 +0.0010735540935272 +0.0015072725416698 
-0.0001524582843741 +0.0016870325857082 +0.0038579433126571 +0.0063472609252725 
+0.0101735162350133 +0.0134223988002951 +0.0159320715428583 +0.0187745761837734 
+0.0219906826959119 +0.0302112521832494 +0.0338631862298973 +0.0360760740782530 
+0.0382278506794844 +0.0401478827718623 +0.0412363498408213 +0.0423912580814759 
+0.0443304635687526 +0.0539472261867100 +0.0614215098326692 +0.0644725751820698 
+0.0672604331378996 +0.0698247786064049 +0.0718321269182126 +0.0744844069015583 
+0.0774128879937042 +0.0808129960182574 +0.0851024477950420 +0.0894396299064268 
+0.0940016232419719 +0.1003009136841148 +0.1088749463177951 +0.1186331059777225 
+0.1255847465315545 +0.1356783591999625 +0.1445995186273208 +0.1575475898303564 
+0.1726260339090499 +0.1947221501612332 +0.2156587071659221 +0.2363168504259276 
+0.2569539533321615 +0.2752961765372222 +0.2944467611432146 +0.3122447816451657 
+0.3245297137233983 +0.3341561345188261 +0.3435917637103828 +0.3529476721450345 
+0.3610940715324894 +0.3690032220148677 +0.3765766562544954 +0.3851342916880559 
+0.3944249191891621 +0.4034125571358975 +0.4120815549449867 +0.4220562999617690 
+0.4375397150769881 +0.4517746953801763 +0.4699618048248826 +0.4826666807296640 
+0.4985951508409629 +0.5177475614855677 +0.5415441299831252 +0.5666499711751711 
+0.5968244318082647 +0.6221434847578206 +0.6451592043507759 +0.6667305171487549 
+0.6827109327362635 +0.7056053128618369 +0.7217006341261668 +0.7345288412469758 
+0.7460131700580760 +0.7578531328225017 +0.7712637027166610 +0.7898298909239299 
+0.8036507575109767 +0.8148132917547424 +0.8245232972283036 +0.8325956151710694 
+0.8403035708169477 +0.8473512186806545 +0.8542576703913535 +0.8622801301198000 
+0.8699225519263407 +0.8764495789643758 +0.8836285749796382 +0.8941774812778105 
+0.9104639301150746 +0.9199991196427394 +0.9275553310314046 +0.9344762995053345 
+0.9416671817832559 +0.9492807830582790 +0.9657389325167338 +1.0000000000000000 
-0.0063544882987385 +0.0223846221413290 +0.0429502433984486 +0.0562232517500027 
+0.0673008807107210 +0.0814364062568949 +0.0897214716604731 +0.0948155158295906 
+0.1007756190922965 +0.1104114906052581 +0.1205527088158559 +0.1309092740723901 
+0.1414519398742715 +0.1509273407794359 +0.1616541820824144 +0.1724835030070232 
+0.1834838679873553 +0.1941594148286044 +0.1969286883289367 +0.2008746783429532 
+0.2064441983422450 +0.2121800246288189 +0.2186944363778971 +0.2275573600779346 
+0.2348228807728378 +0.2402721498702367 +0.2470563729361681 +0.2605081090113177 
+0.2865738178386844 +0.3162055700683832 +0.3418725815847428 +0.3566764985766191 
+0.3666123468050261 +0.3739051198618304 +0.3810237800871096 +0.3892607676096618 
+0.3987155118102202 +0.4099896887827580 +0.4251564454137659 +0.4415843167940259 
+0.4530782803762387 +0.4614113056900963 +0.4736454923727346 +0.4849011347420430 
+0.4930896953166797 +0.5030474550870998 +0.5120275284035312 +0.5196862374890574 
+0.5326091715199015 +0.5440757315118092 +0.5524768084713799 +0.5579328389732270 
+0.5637387890643193 +0.5705478058639379 +0.5772134556285372 +0.5820285701684008 
+0.5849666920541017 +0.5874214949890166 +0.5923502536593411 +0.5979831404192282 
+0.6036306172424264 +0.6090232771860791 +0.6139223569966410 +0.6205710552758538 
+0.6269725969268136 +0.6328624373870699 +0.6422420977314330 +0.6516526793478559 
+0.6606424114524140 +0.6686833297296085 +0.6773101381440338 +0.6861641619969897 
+0.6988562529243191 +0.7125439276918781 +0.7285637153553792 +0.7458366619817838 
+0.7626125618592891 +0.7844479281396746 +0.8013244688323242 +0.8138892251048493 
+0.8232805155062329 +0.8319272291708901 +0.8430815795204514 +0.8583164151655422 
+0.8731769579493612 +0.8905937953917814 +0.8974022654786835 +0.9027524559630442 
+0.9091080808139005 +0.9183319861038649 +0.9398168877169500 +0.9531439956389278 
+0.9640930440343172 +0.9762558688541771 +0.9882207744970022 +1.0000000000000000 
-0.0010412107376105 +0.0062344619838013 +0.0114797752345377 +0.0152553345223150 
+0.0206547501438135 +0.0260503083162071 +0.0317688077076181 +0.0380639937983421 
+0.0443346757169278 +0.0492162997133076 +0.0535418727374010 +0.0547293914602481 
+0.0568015456993480 +0.0618553846558320 +0.0641543980754185 +0.0661213532952994 
+0.0684635054307227 +0.0703871825068193 +0.0729820927399787 +0.0770390203632237 
+0.0892679354755961 +0.1088905788982424 +0.1229730190984920 +0.1327517177831095 
+0.1415426215553683 +0.1493224756845755 +0.1565296288984495 +0.1634277837916518 
+0.1692907453373777 +0.1754581030243689 +0.1828766743541224 +0.1934452767229310 
+0.2103106295495270 +0.2311954055205514 +0.2510405792812688 +0.2681344918188653 
+0.2868336725401507 +0.3005121200226714 +0.3116869951858576 +0.3232112166096204 
+0.3365406669516354 +0.3516472582152672 +0.3691679878456250 +0.3882171424561500 
+0.4069276207649958 +0.4225397134709004 +0.4376150115901934 +0.4515925894965853 
+0.4618135151196964 +0.4681175262659177 +0.4749835453720918 +0.4829935402314322 
+0.4902457652135661 +0.5003190382460755 +0.5178903229899020 +0.5321051501815478 
+0.5421125266985536 +0.5517414650074604 +0.5608430164168042 +0.5695428802452505 
+0.5873092613174211 +0.6066454534268245 +0.6226058200430457 +0.6389918428529593 
+0.6553279276999127 +0.6690710254014621 +0.6848643235367409 +0.7025902637776804 
+0.7245113349838284 +0.7450592443981563 +0.7614112050198969 +0.7685527253249653 
+0.7725246597897493 +0.7761401169679877 +0.7809124753311325 +0.7901592295959540 
+0.7999481325084644 +0.8078446396035304 +0.8150573142846242 +0.8245317098359909 
+0.8351408309816982 +0.8449704205520407 +0.8539273928267234 +0.8634215381422380 
+0.8791432624730255 +0.9007021197645897 +0.9081258489726217 +0.9141723672415998 
+0.9195200607139526 +0.9244467842451708 +0.9323977012630591 +0.9388072955454768 
+0.9471173741820382 +0.9587565940992004 +0.9769138236438669 +1.0000000000000000 
-0.0058069923432516 +0.0215155952900202 +0.0392912333864929 +0.0555198555990632 
+0.0701571598639476 +0.0815931019616837 +0.0896487057001344 +0.0969008324446797 
+0.1038261258056832 +0.1106091873544114 +0.1220857786084160 +0.1309723673903188 
+0.1327288447918185 +0.1346772665301289 +0.1392528346725669 +0.1416550931602095 
+0.1424375978007975 +0.1440372145373486 +0.1479576775015277 +0.1659227093805499 
+0.1878747855679689 +0.1991273208504992 +0.2086564294617592 +0.2181626320372466 
+0.2311462041203839 +0.2414918542918657 +0.2505601901700542 +0.2589194289757232 
+0.2666877508875612 +0.2736916168570762 +0.2806283192418476 +0.2873425408820658 
+0.2958093150765384 +0.3066863536125857 +0.3237773628308839 +0.3418496145619573 
+0.3606682745979848 +0.3780766411654281 +0.3834812491138276 +0.3890502024246764 
+0.3954572192538036 +0.4007845533013450 +0.4049246720783839 +0.4119041906362517 
+0.4219377653457450 +0.4309271676496614 +0.4392096118210111 +0.4468262584457699 
+0.4544917142218213 +0.4638737643033980 +0.4745828333191274 +0.4832921006649744 
+0.4914376169094061 +0.4994041525472160 +0.5074805623787523 +0.5165498848017480 
+0.5260711539709153 +0.5355600473989015 +0.5416282785378189 +0.5473830946867002 
+0.5539054921368550 +0.5616907114559977 +0.5767716422451872 +0.6033008362397686 
+0.6304997382571442 +0.6468199773953712 +0.6572548195450457 +0.6654176416826116 
+0.6741851202115187 +0.6866186294314645 +0.7050341995695532 +0.7209474783786113 
+0.7301565190661186 +0.7395627744769369 +0.7519287559058686 +0.7663535920774288 
+0.7815321437624346 +0.7982567459237133 +0.8138698762340123 +0.8313333291202681 
+0.8537629140277808 +0.8740282330649909 +0.8862655690590769 +0.8923360481681246 
+0.8970067332578051 +0.9012929756331763 +0.9069700773181977 +0.9141796140280387 
+0.9183585973609156 +0.9235596345696401 +0.9291779033444678 +0.9358546489857252 
+0.9507636943972969 +0.9671218211222053 +0.9822227209369712 +1.0000000000000000 
-0.0011296282215897 +0.0058316074547916 +0.0124434049538928 +0.0204613692671603 
+0.0289118761185559 +0.0397866728651125 +0.0505888261458495 +0.0609019655383825 
+0.0708151031959083 +0.0806336611418947 +0.0903939106414277 +0.0989583967126523 
+0.1087389896918688 +0.1230868187385592 +0.1363297926313647 +0.1470703372851030 
+0.1567382593221372 +0.1672800203463037 +0.1769836009972595 +0.1892938044519031 
+0.2029821017641079 +0.2148029631247576 +0.2260820182987971 +0.2403141109029855 
+0.2486747667950988 +0.2567614344726207 +0.2637458706614989 +0.2710333510041761 
+0.2786114749587020 +0.2925235274723704 +0.3096962310977104 +0.3431355828925894 
+0.3681213510116740 +0.3767732891219153 +0.3817640664238756 +0.3856981218720948 
+0.3893285236602577 +0.3930877687395847 +0.3989345157446518 +0.4070921509718840 
+0.4151051650811542 +0.4207537969987223 +0.4288642571814899 +0.4429936223805908 
+0.4636572637486605 +0.4902482455816640 +0.5109837330998271 +0.5255503046779072 
+0.5430094068683844 +0.5555706668926920 +0.5646493467820588 +0.5716740334811357 
+0.5788063409868770 +0.5866689172444001 +0.5957817722072922 +0.6076015334212987 
+0.6232608787369147 +0.6423642208471811 +0.6607083046598129 +0.6773904345716024 
+0.6896316006094843 +0.7048405776394854 +0.7275264334273774 +0.7493888578900331 
+0.7617637329254349 +0.7646376537949116 +0.7673603101609409 +0.7709248685674631 
+0.7747740095535236 +0.7793815867062266 +0.7857554016095299 +0.7894225119866455 
+0.7933957237867405 +0.7973677808088034 +0.8018217430433586 +0.8073407906700232 
+0.8210565110815781 +0.8293092136766110 +0.8353967624805767 +0.8385131796068873 
+0.8434301043786981 +0.8514323157600501 +0.8623989879423614 +0.8764122566816119 
+0.8890045276506348 +0.9008182848331192 +0.9132225267864571 +0.9362755537622977 
+0.9525804813086163 +0.9590290181221088 +0.9642277779918224 +0.9691851159106436 
+0.9741788042374222 +0.9802858131645156 +0.9866945988406320 +1.0000000000000000 
-0.0019881934703660 +0.0108684083413266 +0.0183246812026665 +0.0237048112517943 
+0.0294274922745481 +0.0361114679961180 +0.0445425391624578 +0.0512715507004088 
+0.0573454882860155 +0.0658868613930719 +0.0723506586311939 +0.0797108669724338 
+0.0860162261448668 +0.0900983299770308 +0.0962218933868469 +0.1023586866976243 
+0.1074096605053837 +0.1136013110288671 +0.1222763972622551 +0.1382565998418610 
+0.1563145661593187 +0.1764636909354731 +0.1916401427513791 +0.2008318616585365 
+0.2087056838208781 +0.2164310707501237 +0.2235667301846642 +0.2331920423960819 
+0.2402999722237923 +0.2470986191075586 +0.2539140529182640 +0.2623318099986014 
+0.2742974574381468 +0.2968792585557711 +0.3145255102101637 +0.3284224293445099 
+0.3367409826282529 +0.3440098223730508 +0.3476869853780204 +0.3514471143908628 
+0.3553290772948455 +0.3601284146520666 +0.3651825271252860 +0.3696414129295733 
+0.3800221897868658 +0.3944561073764432 +0.4025658026919721 +0.4085891103659088 
+0.4160170552590428 +0.4238087662259213 +0.4319743686851976 +0.4434520793973981 
+0.4537867420124485 +0.4622059347662297 +0.4661424342262770 +0.4689473658629054 
+0.4712960442029283 +0.4738885298390323 +0.4758580055983265 +0.4788555404912466 
+0.4885507959652650 +0.4992367749244040 +0.5143337810224947 +0.5391254159753240 
+0.5580781563779397 +0.5690241986165893 +0.5778758044714658 +0.5873000103770116 
+0.5959983548661466 +0.6037647494369583 +0.6118022492843788 +0.6208375624598892 
+0.6332504749113840 +0.6517612227867948 +0.6880805704539745 +0.7243991783830562 
+0.7505756871549886 +0.7684456032432865 +0.7869299944240222 +0.8104134664372540 
+0.8374051411720270 +0.8597976536267012 +0.8796330324889122 +0.8934704549691611 
+0.9007689110308617 +0.9067802561826918 +0.9121799852856599 +0.9191221107164761 
+0.9264758138325144 +0.9354818167467726 +0.9444878196610306 +0.9559358281929745 
+0.9677233548365045 +0.9787904680752738 +0.9893952340376369 +1.0000000000000000 
-0.0005243347688773 +0.0008694965760420 +0.0017346787697999 +0.0027486469461620 
+0.0038412221172800 +0.0051523310668639 +0.0068724158152754 +0.0089496232431813 
+0.0114900316080321 +0.0167679812840966 +0.0225352906458022 +0.0281952984467147 
+0.0340750669334223 +0.0423746873882575 +0.0516657529229782 +0.0637485849926379 
+0.0738590199186740 +0.0852612934908852 +0.0982034817511863 +0.1106305325090430 
+0.1208421866980847 +0.1297413855332123 +0.1371555163213216 +0.1454112889597070 
+0.1520935161826837 +0.1556235870243745 +0.1630929912369221 +0.1770669534245512 
+0.2014875105908226 +0.2255617047730201 +0.2460765255942990 +0.2619636131250288 
+0.2748928243826126 +0.2940988472082844 +0.3156396728598238 +0.3471218802255752 
+0.3852898621105547 +0.4151555446502946 +0.4380065258471965 +0.4666909410048464 
+0.4998950624897732 +0.5319008199576524 +0.5684455626390202 +0.6018513902215633 
+0.6249990496811288 +0.6352337435900639 +0.6445027115468704 +0.6530805936797884 
+0.6604647440673923 +0.6826436838827622 +0.7073695876239605 +0.7262514637067472 
+0.7488808313243528 +0.7616271493775240 +0.7779190399049605 +0.7931061385851081 
+0.8115636749262991 +0.8224802874057298 +0.8314708214735660 +0.8414035073267505 
+0.8520582984934056 +0.8622467016046411 +0.8725851772373103 +0.8833940299120796 
+0.8932636417908175 +0.9016060008247204 +0.9111227747611518 +0.9207651728196585 
+0.9263373250458604 +0.9303482797030650 +0.9344699962276259 +0.9387585111446660 
+0.9430318647548190 +0.9481109173651473 +0.9551208653804865 +0.9614497847185671 
+0.9683179105275984 +0.9750869851297693 +0.9789966153575524 +0.9806873389590447 
+0.9820330905103051 +0.9833558402243229 +0.9848599525671513 +0.9864593339800402 
+0.9886012809563084 +0.9915367893738344 +0.9943220531454057 +0.9954319363383449 
+0.9962981215153316 +0.9969726724193804 +0.9975842480191345 +0.9981046352801944 
+0.9986250225412543 +0.9990915535065160 +0.9995457767532581 +1.0000000000000000 
-0.0112180770775447 +0.0286451879113714 +0.0536649754229332 +0.0749686683504147 
+0.0957813893052372 +0.1109342777560336 +0.1226796910444478 +0.1301142502439406 
+0.1385844596502583 +0.1468321320592000 +0.1566619076594951 +0.1667789907487690 
+0.1798746443423042 +0.1971046430728457 +0.2102737915204492 +0.2206851630928264 
+0.2303702321191133 +0.2392348165952850 +0.2471080395964383 +0.2559672749974983 
+0.2661388630436017 +0.2756133228278597 +0.2857025454154635 +0.2955458941988036 
+0.2988474442950012 +0.3016949431378336 +0.3043806168979578 +0.3071463191248613 
+0.3125250507112957 +0.3237520541371355 +0.3458372458649626 +0.3735451136833509 
+0.4032698152141543 +0.4288448911591623 +0.4466662712463019 +0.4596281819636501 
+0.4720650062927858 +0.4819570778745704 +0.4912390949535400 +0.5004693400666734 
+0.5094972254359154 +0.5179299271249864 +0.5269981988267193 +0.5380380857774204 
+0.5478901007951145 +0.5543817633587389 +0.5584023077695157 +0.5605645009291370 
+0.5638814100122166 +0.5676310059065535 +0.5743132308042929 +0.5811240887323856 
+0.5859181748171742 +0.5901234174333396 +0.5944675602769620 +0.6036876904475097 
+0.6169197422761395 +0.6336644701099894 +0.6459691280800459 +0.6560105412163432 
+0.6664019697318035 +0.6757507614768615 +0.6817394697596287 +0.6868509135117759 
+0.6903221130760567 +0.6938421392075974 +0.7025135368140055 +0.7158227898324321 
+0.7261357361570303 +0.7352402222494840 +0.7419508356684561 +0.7476571551291613 
+0.7537443397365078 +0.7636597274376791 +0.7714871122270619 +0.7762133241496529 
+0.7804630161940846 +0.7881124547345383 +0.8028456520169547 +0.8181164676416147 
+0.8285369542625612 +0.8372865327322142 +0.8448522346686336 +0.8521866756089469 
+0.8628625620015057 +0.8773801124332988 +0.8986128595406397 +0.9178625824152322 
+0.9284029154778197 +0.9356133196796713 +0.9416331401746413 +0.9491344503383388 
+0.9644933087862348 +0.9781289112065243 +0.9903905304612141 +1.0000000000000000 
+0.0255279871143753 +0.1716617987276520 +0.2095011732556152 +0.2572578548025017 
+0.2919361019739626 +0.3238182062420767 +0.3370203180848501 +0.3495759118618161 
+0.3576669432639377 +0.3657579746660592 +0.3723373915254261 +0.3786007837444081 
+0.3855309981912741 +0.3930253562829158 +0.3985863019412516 +0.4037998963367856 
+0.4075249093615729 +0.4104445023746983 +0.4125823805313618 +0.4139916460070401 
+0.4154707024852995 +0.4170521663099306 +0.4189211571606349 +0.4208944224007574 
+0.4228622344010264 +0.4246789261588428 +0.4259689874873419 +0.4273734779963149 
+0.4285719223914629 +0.4293280033346646 +0.4298003042589671 +0.4303978912018480 
+0.4310581709468095 +0.4318113599707781 +0.4333787288396994 +0.4348502122289565 
+0.4358922635535732 +0.4364685745877459 +0.4371356974375771 +0.4377851701336929 
+0.4382268501708496 +0.4386900056595284 +0.4393953049009319 +0.4403877530042251 
+0.4413111333506349 +0.4422249750032512 +0.4436660684217049 +0.4452635315367510 
+0.4463284712615748 +0.4480782326131323 +0.4516449814472047 +0.4588824168503605 
+0.4650582858856517 +0.4707108149458770 +0.4755299533690632 +0.4789359065098577 
+0.4822959261463717 +0.4855231386256768 +0.4883110299454158 +0.4941309102766925 
+0.5027052968107392 +0.5066798124449780 +0.5101453028256949 +0.5125873027232545 
+0.5145861825857242 +0.5164554808110225 +0.5194223551633097 +0.5248537359195801 
+0.5320160071499596 +0.5378261510345697 +0.5470791809960041 +0.5583461990916492 
+0.5695074555206903 +0.5779122015563929 +0.5830103938070320 +0.5879751926380838 
+0.5940590435108810 +0.6007703082893634 +0.6074951185565822 +0.6146704413528097 
+0.6232848334049318 +0.6362647290074150 +0.6522778295434520 +0.6773247423675351 
+0.7022536195554406 +0.7196363479811627 +0.7322481835377687 +0.7441104897410529 
+0.7565189417403613 +0.7738306054212082 +0.7961391114161989 +0.8095085847546075 
+0.8188392729545722 +0.8321702393665130 +0.8547014970966371 +1.0000000000000000 
-0.0246757851219032 +0.1048648539550707 +0.1406312574520621 +0.1670579757891965 
+0.1871127503547592 +0.2196451446470671 +0.2523887039697973 +0.2703483149051364 
+0.2827604231470448 +0.2931098365073751 +0.3021409527343272 +0.3105894618882981 
+0.3241552043752529 +0.3300519183433531 +0.3344545188157861 +0.3387639386431325 
+0.3440928377515807 +0.3512425640204712 +0.3554582631859398 +0.3589675432764627 
+0.3631406741500121 +0.3655665171700162 +0.3678969697474204 +0.3724799873152762 
+0.3766645004793552 +0.3794165526753164 +0.3831396244238949 +0.3870829273168007 
+0.3920596365555132 +0.3978163054049892 +0.4109332625725466 +0.4176346332273457 
+0.4237562035343961 +0.4291828765061482 +0.4348327103795545 +0.4412627649006086 
+0.4482547311853159 +0.4566683598925207 +0.4637459330064492 +0.4721965791064618 
+0.4808781314425167 +0.4884734923814427 +0.4946746647601301 +0.4977111230143418 
+0.4993421679322170 +0.5008383250058203 +0.5022268128707964 +0.5038059296529005 
+0.5057672089401922 +0.5078135587683957 +0.5103118995123941 +0.5129055076453930 
+0.5157994416569682 +0.5191310832806806 +0.5228053835860071 +0.5272104459079129 
+0.5325754473320566 +0.5389735786308475 +0.5467677412962405 +0.5592795129878022 
+0.5707889034860169 +0.5792060423476056 +0.5866064008270467 +0.5916764167451496 
+0.6002470749212440 +0.6106684423703898 +0.6189067361496554 +0.6258897538893021 
+0.6312103041951771 +0.6358067663889035 +0.6421698945214306 +0.6477003323171563 
+0.6526583461961145 +0.6583752128592416 +0.6644526824216106 +0.6704230277805571 
+0.6798514392998511 +0.6906796545790623 +0.6985508897882754 +0.7052103412354574 
+0.7126090617472779 +0.7169589901384043 +0.7219813242902759 +0.7240508541233385 
+0.7259394554803040 +0.7276485133630736 +0.7304411378229853 +0.7341320159973025 
+0.7388417754758562 +0.7540669924018021 +0.7746851543047937 +0.7920966053061681 
+0.8100006260821297 +0.8393011641191562 +0.8864892378812679 +1.0000000000000000 
1.5716992587447513e-08 0.017591743333333337 
  <DiscreteSampler_grid>
  Helicity
  1 # grid_type. 1=='ref', 2=='run'
  80 # Attribute 'min_bin_probing_points' of the grid.
  1 # Attribute 'grid_mode' of the grid. 1=='default',2=='initialization'
  0.030 # Attribute 'small_contrib_threshold' of the grid.
  0.333 # Attribute 'damping_power' of the grid.
#  binID   n_entries weight   weight_sqr   abs_weight
    89   93443 2.0254536747998683e-06 3.550284602789763e-07 2.0254539193969088e-06
    71   13406 2.9280528733673434e-07 3.9042342480912e-10 2.9280664187667537e-07
    66   1698 6.149999523530918e-08 6.204940439229575e-13 6.150000371191179e-08
    58   2181 5.175364786516999e-08 6.854893322137013e-13 5.1754512845947434e-08
    57   2185 5.077316154848248e-08 1.694038830281833e-12 5.0773162767063315e-08
    90   664 4.99213012821738e-08 3.3209897747440067e-13 4.99215768393926e-08
    95   2562 4.878948952896629e-08 1.31522373555695e-12 4.8798997822347775e-08
    65   1182 3.967387425633892e-08 2.1528591615008117e-13 3.9677121856801984e-08
    72   977 2.6296625821686337e-08 6.674214337693852e-14 2.6302011819799008e-08
    63   1089 2.5555364420567052e-08 2.764966634347984e-13 2.555537833663669e-08
    40   981 2.4076201330693522e-08 9.32153684793088e-14 2.4076301146064012e-08
    64   521 1.745798501689718e-08 2.376419796753211e-14 1.745802322393044e-08
    33   672 1.6392454496603457e-08 4.843123511354163e-14 1.6392492829946172e-08
    96   268 1.1393459995490204e-08 1.555239627059311e-14 1.1393459995505535e-08
    39   220 8.567888485121575e-09 8.486120601087538e-15 8.567894121493615e-09
    34   193 5.725155628442309e-09 2.680935160351983e-15 5.725155628442309e-09
    2   119 7.459516756207283e-11 4.2251401276691085e-19 7.459634731093866e-11
    103   133 2.589816986290834e-11 3.524599790791272e-20 2.5898275561674585e-11
    127   130 2.4500278728160884e-11 2.0946555224405195e-20 2.450151599732661e-11
    32   142 2.3223704045032944e-11 1.525346754980511e-20 2.322578688492825e-11
    1   167 2.0407052998980864e-11 1.0043553759622406e-20 2.0410999039495052e-11
    97   144 1.717914723400443e-11 1.0497985605579063e-20 1.7179237822707247e-11
    121   144 1.6188371523667322e-11 1.545653329927604e-20 1.618838534667164e-11
    98   207 1.540985202182465e-11 1.1035003253419945e-20 1.5422132775737287e-11
    25   194 1.506794179509392e-11 5.837380610556264e-21 1.5070315919273054e-11
    7   194 1.4141005972343048e-11 5.643457648539327e-21 1.4143503678123274e-11
    104   206 1.3919284449489655e-11 9.776678629936549e-21 1.3931053076084345e-11
    128   155 1.3758147164204568e-11 5.012370449963489e-21 1.3776276540059821e-11
    26   137 1.0031370799651164e-11 1.0804288095727513e-21 1.0033896016134054e-11
    31   204 8.720670908310682e-12 8.985685600295095e-21 8.723721138561933e-12
    122   186 8.61685059771922e-12 1.4711330231666044e-21 8.618347049845904e-12
    8   133 7.089909691609275e-12 8.807237766861532e-22 7.089912756301385e-12
  </DiscreteSampler_grid>
  <DiscreteSampler_grid>
  grouped_processes
  1 # grid_type. 1=='ref', 2=='run'
  10 # Attribute 'min_bin_probing_points' of the grid.
  1 # Attribute 'grid_mode' of the grid. 1=='default',2=='initialization'
  0.030 # Attribute 'small_contrib_threshold' of the grid.
  0.333 # Attribute 'damping_power' of the grid.
#  binID   n_entries weight   weight_sqr   abs_weight
    28   10 6.471181538059068e-09 1.822109818494457e-16 6.471181538059068e-09
    16   10 4.911953168760792e-09 1.213533275561293e-16 4.911953168760792e-09
    22   10 4.454296717489655e-09 1.387348501837628e-16 4.454296717489655e-09
    10   10 3.766052899379011e-09 9.936719251578832e-17 3.766052899379011e-09
  </DiscreteSampler_grid>
